# Separation (mas) - Transmission
0.00 0.0058
1.00 0.0062
2.00 0.0066
3.00 0.0071
4.00 0.0075
5.00 0.0080
6.00 0.0084
7.00 0.0081
8.00 0.0078
9.00 0.0075
10.00 0.0071
11.00 0.0070
12.00 0.0070
13.00 0.0075
14.00 0.0081
15.00 0.0087
16.00 0.0094
17.00 0.0100
18.00 0.0106
19.00 0.0112
20.00 0.0119
21.00 0.0125
22.00 0.0130
23.00 0.0134
24.00 0.0138
25.00 0.0145
26.00 0.0156
27.00 0.0168
28.00 0.0180
29.00 0.0192
30.00 0.0203
31.00 0.0214
32.00 0.0222
33.00 0.0229
34.00 0.0237
35.00 0.0245
36.00 0.0253
37.00 0.0261
38.00 0.0270
39.00 0.0278
40.00 0.0287
41.00 0.0296
42.00 0.0309
43.00 0.0322
44.00 0.0335
45.00 0.0348
46.00 0.0361
47.00 0.0374
48.00 0.0387
49.00 0.0400
50.00 0.0413
51.00 0.0426
52.00 0.0439
53.00 0.0452
54.00 0.0465
55.00 0.0477
56.00 0.0490
57.00 0.0506
58.00 0.0521
59.00 0.0537
60.00 0.0552
61.00 0.0568
62.00 0.0588
63.00 0.0615
64.00 0.0642
65.00 0.0669
66.00 0.0695
67.00 0.0717
68.00 0.0757
69.00 0.0799
70.00 0.0841
71.00 0.0883
72.00 0.0925
73.00 0.0967
74.00 0.1085
75.00 0.1267
76.00 0.1449
77.00 0.1630
78.00 0.1812
79.00 0.1993
80.00 0.2175
81.00 0.2356
82.00 0.2538
83.00 0.2719
84.00 0.2901
85.00 0.3083
86.00 0.3264
87.00 0.3446
88.00 0.3627
89.00 0.3809
90.00 0.4003
91.00 0.4214
92.00 0.4425
93.00 0.4636
94.00 0.4847
95.00 0.5059
96.00 0.5270
97.00 0.5481
98.00 0.5692
99.00 0.5903
100.00 0.6115
101.00 0.6326
102.00 0.6537
103.00 0.6748
104.00 0.6932
105.00 0.7064
106.00 0.7195
107.00 0.7326
108.00 0.7458
109.00 0.7589
110.00 0.7720
111.00 0.7852
112.00 0.7984
113.00 0.8116
114.00 0.8248
115.00 0.8380
116.00 0.8502
117.00 0.8562
118.00 0.8622
119.00 0.8682
120.00 0.8742
121.00 0.8802
122.00 0.8862
123.00 0.8922
124.00 0.8982
125.00 0.9042
126.00 0.9102
127.00 0.9162
128.00 0.9222
129.00 0.9245
130.00 0.9265
131.00 0.9285
132.00 0.9305
133.00 0.9326
134.00 0.9346
135.00 0.9366
136.00 0.9386
137.00 0.9407
138.00 0.9427
139.00 0.9447
140.00 0.9467
141.00 0.9488
142.00 0.9508
143.00 0.9528
144.00 0.9548
145.00 0.9569
146.00 0.9590
147.00 0.9612
148.00 0.9633
149.00 0.9655
150.00 0.9676
151.00 0.9698
152.00 0.9719
153.00 0.9736
154.00 0.9745
155.00 0.9753
156.00 0.9762
157.00 0.9771
158.00 0.9780
159.00 0.9789
160.00 0.9798
161.00 0.9806
162.00 0.9815
163.00 0.9824
164.00 0.9833
165.00 0.9842
166.00 0.9850
167.00 0.9859
168.00 0.9868
169.00 0.9876
170.00 0.9885
171.00 0.9893
172.00 0.9902
173.00 0.9911
174.00 0.9919
175.00 0.9928
176.00 0.9937
177.00 0.9944
178.00 0.9946
179.00 0.9948
180.00 0.9949
181.00 0.9951
182.00 0.9953
183.00 0.9955
184.00 0.9957
185.00 0.9958
186.00 0.9960
187.00 0.9962
188.00 0.9964
189.00 0.9966
190.00 0.9967
191.00 0.9969
192.00 0.9971
193.00 0.9973
194.00 0.9975
195.00 0.9976
196.00 0.9978
197.00 0.9980
198.00 0.9982
199.00 0.9984
200.00 0.9985
